2941 2255 1595 1946 939 2361 228 2 3502 1710 731 2263 2917 2108 973 22 1008 2599 1057 3607 4982 1766 4783 2938 2456 3094 4538 385 642 3164 2289 586 3262 1665 586 1230 1572 1785 2519 4240 417 2225 2571 3507 489 1162 2958 677 2414 4382 1354 3540 2200 2742 1994 4519 3694 4781 1612 2136 3580 4382 417 1814
3715 1267 500 586 4175 652 119 1989 4865 4785 4138 3509 2790 3540 1815 864 1360 3406 2 278 400 3201 2531 1731 856 4058 3157 3578 1664 1608 1077 4483 1323 3984 3852 3315 378 1339 3133 4331 4936 4923 4905 1238 556 1272 1272 571 1065 3379 3226 652 3460 1814 1972 3874 3889 3802 1628 663 1597 3134 3158 378
2402 1819 1007 677 731 4051 1701 3127 2190 2610 2911 96 3206 1413 515 238 4582 3502 1252 2444 3874 1108 3430 292 2791 4362 2402 1595 3928 818 2234 2 4386 135 396 3984 3692 3193 2834 3285 1529 4746 979 1884 4766 2757 90 3611 2500 3502 2370 2911 4865 417 4809 1853 1728 396 3315 3630 4723 2520 305 450
606 1099 3643 4540 3084 1409 2200 276 2402 3523 2126 3005 3874 3611 2249 2062 4865 3057 3312 4793 1121 4108 3874 2570 1209 1838 1219 1323 728 2190 715 4519 2519 613 858 4784 1339 3940 3666 1502 4240 2200 4145 3776 2451 682 3380 315 4855 3189 3634 162 3694 4487 1240 96 2533 3178 4151 3811 4810 1457 381 3851
2570 2081 3744 1856 2243 506 1650 3453 3389 503 4332 2469 1952 1888 719 1583 2760 3816 499 445 2404 4396 148 3634 3913 4869 2371 349 2769 417 417 2938 2402 417 4175 3005 3084 396 2644 4538 2190 1200 3730 4514 1504 3874 247 1664 3166 857 3955 1597 382 4456 229 3161 2128 3337 646 642 4855 4212 407 2915
1275 3550 3572 1295 4432 1506 1054 3067 1883 238 3634 849 1065 2281 4538 1819 2760 218 2361 1121 1474 492 506 1815 2688 4626 2414 4099 1605 185 4855 3120 1637 677 4128 2667 119 4158 1548 4869 4447 2184 1065 396 3948 2657 1295 1707 1628 1154 2571 4942 40 3285 4865 4865 2959 313 4699 503 2865 855 1689 4067
4420 2305 381 2576 4396 3508 3837 1698 2208 4175 3607 620 2196 1272 173 3226 2921 2627 3694 556 148 3312 2904 1838 2126 3984 4000 2039 1779 1597 4295 1575 2044 3238 73 3694 1595 1745 3818 4152 2185 1586 1336 276 2221 728 1993 2970 798 3882 1154 1838 3584 246 3694 1977 4788 743 81 3211 3540 173 1834 2938
2954 4626 3084 2286 1387 4538 2978 719 4944 4158 4318 3389 2135 3874 4110 3201 228 2445 4853 1528 342 731 2058 3739 2657 2305 2361 4908 1572 2409 855 2368 2729 2222 252 4345 9 2959 2108 1137 3634 4487 218 1545 3874 2286 2402 4768 4264 4561 2711 291 2601 688 3234 4267 1800 927 4865 2211 818 725 2989 3501
1686 1438 4893 4618 3611 2191 1766 2967 2472 1560 973 171 1596 3984 4599 2631 1429 2278 2099 396 238 2129 3262 2402 1834 3948 855 3519 4124 4809 1867 2851 1065 642 2190 2897 2029 1230 3694 2020 2263 3120 4538 2591 3874 864 1106 4855 3603 1230 2469 4341 3502 2531 4166 1555 3550 1972 2263 321 173 2032 169 15
2729 80 1092 2071 315 3874 4031 2402 2942 4071 489 1787 2139 4101 2974 4758 4519 3507 1238 1360 1994 3940 2274 3117 276 1371 3694 1506 2568 719 613 4538 1065 2200 2960 2402 1819 646 2942 728 4124 4424 3837 4721 1501 878 3094 2415 342 4785 3887 4420 622 1575 1529 2015 741 3889 1623 2855 1914 3889 360 4536
968 2451 3285 417 1729 906 2286 1780 725 4746 725 4707 3694 2969 1006 3929 4240 3638 1360 3163 385 1710 4519 246 2253 1360 3075 2570 379 4451 22 2938 3415 1487 4386 3178 4855 4451 646 2305 1745 3523 1054 2938 2062 4705 313 238 4971 2970 4499 2190 895 291 3984 4373 276 4152 3120 1272 4108 80 1237 2729
3075 72 4663 183 2817 4264 250 719 1866 378 2191 1664 2644 82 695 2821 677 1645 731 2286 2760 2708 3173 506 1252 1463 247 2020 4785 3380 895 2947 4464 3961 2507 571 1057 1413 98 356 1645 3744 4852 1077 1272 3837 2167 3007 4267 1664 3743 1994 3405 2890 2058 3695 417 2398 3200 2988 4181 2071 4723 2020
1575 1731 4762 135 1481 2921 4000 4330 4758 731 3120 119 1560 2701 417 1438 1353 2960 80 4888 1272 3514 3070 2733 4240 22 2347 2938 92 2642 4004 2244 1837 4054 3082 3158 4108 3158 793 1290 1972 15 4000 2395 2545 3226 4294 847 3232 2234 3575 2263 4758 4124 3550 2444 1779 297 1065 4175 4908 855 1994 3643
2058 4458 378 247 3865 624 163 276 2135 2751 1366 315 1995 3366 3540 3874 417 1586 3617 2213 3984 613 1706 768 4538 1463 2760 586 2570 1194 3984 4396 2402 4362 3521 3285 1971 4538 571 291 4124 4960 1465 173 1837 2427 173 417 1731 3882 895 4110 4267 4403 2135 1230 3887 189 825 2408 1238 1527 4181 1529
1674 297 4243 4964 2897 3314 3857 709 2959 1132 1529 2911 4865 2402 4538 688 1837 1576 2066 731 2610 3228 342 1545 2794 4855 4396 4071 1108 3611 2402 3630 1710 1623 1814 2911 4240 1439 1837 1416 1339 4062 3575 1972 3206 2361 3029 1158 450 313 1919 417 2190 646 3974 3523 1575 2632 3847 4108 4144 2820 4810 4145
2966 2236 1787 646 4554 2286 499 2408 1793 4424 1036 4699 4529 2436 1823 3214 4540 847 906 218 957 246 736 3865 3857 3874 2760 1429 1286 2402 825 4519 4175 2452 1664 1465 1766 3730 2243 4587 1994 2672 349 1008 1057 731 4055 2921 4766 3415 3161 2829 1463 4362 1361 1645 2959 1381 3889 4058 378 1595 3874 1219
3160 3228 1108 3334 1333 3171 731 3044 1834 3874 2919 3940 2274 895 3521 417 2338 381 4734 4447 1268 3874 3844 2387 1346 1981 3694 1057 147 3160 4766 224 245 4929 4855 1088 3226 2 386 2062 1290 2184 719 4124 4456 1566 2184 3776 1665 4424 4579 487 4108 4538 3315 2942 2347 135 4538 4000 1447 1631 3634 3738
1275 1702 333 1054 3890 4166 2548 719 315 3837 3024 4502 2511 895 4288 247 1787 4175 3094 3226 3878 3406 4124 154 417 3938 417 2762 4538 509 417 4538 2092 2571 1545 291 2942 2921 15 4809 4362 3575 1438 3744 4272 2135 2467 1286 428 4037 335 15 396 2610 3523 433 1413 4502 4403 3865 3887 743 2821 2402
4900 2020 4230 1575 1866 1106 2740 4768 1710 1036 4424 4538 2286 396 4889 2769 3507 4519 3285 2633 4197 506 506 224 4240 1787 4538 4000 950 4998 2091 4447 870 2467 1260 3094 35 646 3158 614 2760 1888 2970 4356 1413 4128 4063 169 3057 3708 2591 400 829 4944 3098 4502 3285 417 2938 3607 1439 1994 3984 2274
880 3578 3829 3777 818 1210 2762 3574 3984 4526 3692 4116 4987 238 2643 2657 537 218 2058 3928 3389 4538 3889 1626 2657 148 2571 1874 3120 796 1290 2402 3120 2091 2760 2760 719 1058 4362 4058 228 4538 2680 2657 2921 2921 3967 2402 246 4019 3189 396 2944 2386 4157 1121 3099 4396 3948 68 3643 2237 4772 304
4344 1645 2251 3550 1036 1154 1819 4852 1870 3238 2545 3961 3388 2752 417 1664 4886 3607 2091 3634 4538 378 1033 3540 1756 2113 2286 4037 928 4809 183 2789 2139 4240 620 2707 1756 428 3874 245 638 15 2511 3507 1838 4108 140 3160 1260 3984 2469 3277 4990 4855 135 2921 238 1272 2135 4969 2029 1211 2938 725
3540 1529 2762 3057 2263 3231 2191 1154 4709 399 3550 3241 3460 2656 4668 2409 1622 3315 2644 3067 725 3940 2116 3375 4396 276 4830 210 2402 825 2263 24 1272 1994 3315 847 3523 1994 2361 1994 316 2560 1645 98 1088 4224 4668 4626 417 2631 3613 1403 1769 378 372 2129 250 2942 2231 2181 731 2371 2644 87
3676 3623 3523 4302 1353 4538 3241 3874 4992 1226 3519 2211 4672 2009 396 2451 3584 396 4240 3887 3504 2244 719 2911 3984 1121 3666 2095 4396 3262 2128 2221 586 2588 4913 2915 1784 3575 1787 3099 3068 1360 3535 4630 2672 4519 2791 1243 4713 2661 1605 4230 650 4648 4538 4175 246 1838 3264 2436 2402 3061 1502 1605
3056 80 1206 646 2286 2184 2253 3874 1506 1645 3084 3057 4514 73 2196 3084 4952 1088 4458 2347 2353 4903 4538 2591 417 1092 2570 1952 895 4577 1359 4723 4960 335 1934 4998 584 4758 1888 3389 1575 814 567 3315 1848 3211 4136 2139 2661 3285 356 71 4342 3163 2591 1743 3634 695 169 1036 877 1240 139 4743
2278 3164 4362 841 72 646 3232 1240 22 2890 1184 3664 3502 2222 3166 1272 3366 3984 1710 4942 709 4292 2126 1834 2545 2631 3945 4382 2978 378 3940 3607 4051 2915 4124 3167 173 1065 731 2769 741 1942 2751 3521 2969 1757 4608 3550 4037 1523 417 3874 3743 1090 4345 378 731 247 4110 4356 4184 2680 1092 4331
1040 552 731 4447 796 1481 71 4648 4101 642 3303 1610 3540 238 1664 4727 3607 2167 1664 1054 4451 1040 2465 3607 3523 15 2361 4019 2989 3209 378 586 1219 3634 3241 1922 4000 1065 2760 2472 4212 3084 3607 4648 2820 3285 3509 646 417 4000 2748 1063 2436 378 1888 506 3611 3540 198 3940 569 4607 2789 1219
2289 2868 3453 2149 3522 2944 4232 2361 2917 506 2959 3134 385 417 1324 3630 4324 1036 3061 3211 3984 4037 1685 3507 1529 682 2631 3084 4502 1933 276 1575 378 4175 3773 3634 586 1995 3312 2263 1787 3744 1154 1065 3874 3262 4768 2191 1368 2651 642 825 3879 4447 567 3575 613 696 2582 1459 3120 3388 2274 1645
147 4240 4626 2974 731 3375 2769 3057 3158 1219 2657 731 3984 314 2911 84 728 1814 1057 2457 4363 1078 2148 2179 242 417 2278 1065 4668 4538 4785 381 2941 2009 396 3453 2545 3857 381 84 2469 1814 3601 2760 4447 3124 870 1172 4101 450 1787 1493 2817 1682 4711 1252 1977 2967 515 3643 3204 3984 98 2644
2254 3211 1815 1238 3312 1290 2045 4855 2764 261 4972 3889 4865 2469 537 4903 3067 3837 731 2465 4362 2590 3460 373 741 4891 3887 1888 646 417 3829 4386 928 1994 2507 3732 188 4783 4424 1800 3228 4992 2904 2740 4852 433 4120 3601 4668 315 1077 2644 3226 321 1853 1219 2533 1645 15 2693 315 1060 3948 663
3389 1121 2451 3869 4502 3151 2963 725 370 15 4538 4420 4451 4538 3388 2582 1757 1745 2904 417 396 3940 3262 3262 4994 3887 1088 4108 417 1575 3634 695 2633 725 314 4483 864 1566 3285 682 3874 3984 3178 2149 68 855 4105 4538 417 1184 2375 2729 3473 1332 1731 4175 2286 677 613 24 3776 3604 1295 4151
2729 2158 1036 2222 3550 4663 1054 4785 2402 360 396 2644 4363 438 3940 315 3984 1023 3708 3984 4145 586 4783 4347 238 1787 1576 4952 4699 3623 4181 3407 307 3984 3189 2963 4628 1529 871 506 2570 861 1275 2347 2769 165 3866 646 3234 1252 4071 3084 1438 1165 3262 3578 2263 2139 276 3166 2472 356 3694 928
3062 737 1201 4502 4565 2820 728 571 3744 3303 1413 2890 4163 3099 3123 3234 4908 568 4768 245 3948 928 24 4031 2415 310 646 3120 3502 119 4768 646 4071 1529 356 4538 2292 638 2651 3874 3234 1438 2088 2760 1685 1942 1989 2034 1819 4103 106 163 1710 3664 4465 3375 3120 2149 2190 624 3832 2610 2313 2253
605 3607 3705 3209 76 2760 2920 4175 2286 3285 3601 4345 4656 1065 2571 2904 3521 2057 1295 3344 4699 3940 768 3500 313 1942 4942 1989 731 2560 2959 2255 1608 4261 1371 1353 3984 500 4583 2167 4475 2631 4108 2149 4686 487 315 3874 129 356 3535 3550 1896 1995 307 3241 276 4903 4713 2411 2095 4037 606 2
4454 1710 4157 1823 1989 1671 646 3094 4367 2769 3919 4697 1219 2922 3661 3494 291 3117 3375 3315 80 3158 1514 3984 3201 3312 719 4538 4081 3887 2231 235 2149 4071 1823 4964 503 2729 1629 135 3874 4153 363 1092 4168 3430 895 2643 506 1036 1219 135 2568 780 825 4240 4363 316 4431 4175 731 417 2921 1008
2588 2032 4566 4465 73 4912 2610 4367 3494 3195 798 2970 3099 1597 1870 2472 3048 3305 4648 2340 3380 363 4330 2445 1992 4272 2469 246 3622 523 1529 130 4771 896 3048 1645 1360 1766 245 1545 2890 4944 2467 3334 396 1403 2511 4734 3613 2306 4900 1211 1731 586 246 480 72 523 1438 4626 864 3692 135 135
4812 2149 2695 4130 4451 1566 2736 3337 71 356 73 4175 3726 360 2821 2970 3264 1995 1353 3811 2 3694 2949 4758 2570 4942 1566 3540 2045 2529 4865 3984 1252 2571 2890 2139 96 1605 4456 2128 2058 728 3874 3226 2791 4855 2296 2196 1837 4696 3744 1800 2911 2414 2855 3694 2402 4696 3084 1054 2533 1837 4136 1286
113 4713 1493 379 2631 396 4538 4939 2582 1664 3857 2977 4293 450 3611 3234 4691 670 586 731 163 3739 4893 4323 3540 4583 2398 4923 2081 3578 3388 1529 1108 189 4712 4451 4472 1054 39 3507 3984 3607 1107 4116 506 3228 3874 349 2108 417 1853 2890 4520 1608 2601 775 4082 1529 4538 3377 3501 2635 586 1154
2139 2117 2960 3606 4224 274 4447 3334 2457 111 1745 4451 3120 3776 4037 4780 2941 4538 240 1091 4519 2680 847 526 4037 1838 417 2942 3075 2263 586 417 3874 3984 3540 1271 2938 4874 3874 407 3803 3631 2676 3334 2784 3521 3120 3984 1989 4538 847 4727 1717 4579 929 728 3236 1252 613 2657 4157 586 1036 3540
3380 2208 4019 3973 3523 2657 1779 2921 4538 1092 1664 4232 3226 4900 1275 4944 22 4668 2911 2769 4869 3430 4538 400 4783 2599 4302 559 4583 741 895 1267 4944 2108 3694 1260 1368 3082 2760 4695 489 15 1149 646 1608 3285 699 1272 2571 3874 3161 2398 646 15 4538 731 1106 260 4140 2942 2760 1645 1888 4419
15 2161 741 1870 3874 1724 3835 1815 4206 2373 3193 1240 3984 1106 1972 793 4418 1165 4157 4908 1888 1292 307 4386 3730 2244 4871 4462 682 1850 670 4151 3887 246 119 588 1598 3611 4987 2222 3285 3048 1152 1508 4524 2213 3786 1387 3631 2570 1664 4538 3578 2571 928 417 3874 242 173 1566 218 3739 2571 3630
1357 4295 4243 2921 3714 2545 292 4193 3984 1339 642 73 2243 4157 3222 2126 1545 2184 2760 1502 3611 4238 1188 1243 4197 1664 4502 1333 3389 3874 1753 4019 4538 1583 3540 2452 4458 2108 2591 4734 3406 731 2371 3984 2904 1977 3973 1579 1888 1994 646 780 3344 3940 2313 4181 1575 3739 506 1597 4166 183 1766 2129
3305 1368 1645 2126 747 712 4451 2954 4548 148 1206 417 1241 2120 3075 1888 4099 1158 4630 4538 2967 2890 2633 1800 3997 1817 1467 3984 4294 1724 3315 3193 3241 2465 3389 4157 3984 2236 1823 4447 4972 2978 407 797 4696 4000 2633 3969 4865 246 3285 2347 1077 2760 3375 895 2263 1528 1628 4386 1922 4908 3241 3887
682 2189 1346 4865 3057 4758 2208 895 1815 4606 1888 1309 1272 559 2817 1036 1560 3206 503 725 1263 4707 3874 2286 4447 1346 1177 2959 2361 3158 378 4878 4538 1054 373 3226 4193 2149 3509 4878 3550 1567 3120 2200 4763 4099 2938 1800 2253 1465 4502 3837 1645 586 3105 396 2058 3241 417 2191 3865 3660 1664 1438
3919 4865 3380 4606 3970 2545 4396 2472 4736 4175 3984 646 532 895 2226 4695 3337 417 3739 4138 728 3211 3694 4606 1275 2789 2729 2149 614 4362 1870 682 3739 642 396 3303 4427 4175 4793 2469 4323 4175 1858 2760 1043 2225 1572 4780 1785 235 588 2590 135 3453 4763 1664 2250 3312 2911 3535 1272 238 3211 719
4145 3448 15 1529 417 4900 3232 1121 4893 731 4865 3120 4071 3694 1682 2865 1933 2253 3706 3158 923 486 4059 3874 4487 4264 417 855 1017 4151 2911 3388 4294 1287 2904 315 4536 154 1795 3241 641 3694 2942 2570 233 1566 2200 480 1353 73 2402 3630 2337 2445 4431 1566 2959 973 240 4240 3874 1054 4889 3601
1576 4175 1686 2570 1333 3067 4451 1848 1529 1154 1092 4809 2769 3285 135 3262 1795 2969 2919 111 2769 1787 1465 315 2610 1431 1787 3874 1989 4319 2118 1664 252 2436 4766 3913 1645 492 2543 2836 2253 417 2217 486 642 1729 3613 1596 2126 4019 4175 2769 569 3089 2402 3695 1766 559 719 3120 4071 3611 210 523
1290 2890 314 2108 3837 4124 728 3874 1608 3481 2790 2402 646 2790 798 1766 4071 769 2821 1834 4 3026 2286 4009 3094 4519 65 2184 1629 3984 1184 1575 4110 3067 1439 1946 3151 1339 2760 3521 1252 39 1017 1610 2729 1731 4876 3241 417 2 3572 1529 613 4451 224 2777 731 3744 2836 2941 3874 3234 638 2631
2402 3816 2969 4294 500 1065 80 1745 2347 4519 2243 292 3791 4540 2263 2054 4713 3913 2769 3664 4000 3303 2286 2633 3874 1088 740 506 4462 552 4062 1298 3874 1065 4175 3265 2370 224 3027 1769 2729 4855 3217 642 3847 3315 4382 2149 1861 3295 731 1645 235 2274 24 3425 461 315 1339 3178 1745 379 3887 4373
4630 3865 4099 3835 2126 1252 646 1888 2643 4163 3077 3203 1154 1576 2108 2729 682 307 90 4456 3550 2148 1310 3146 4630 2379 3874 559 4120 1800 4386 682 2729 4508 1523 4982 1946 135 1482 2978 4487 586 2467 39 4000 2196 3743 3997 3430 246 3314 506 4900 4362 4288 2268 3120 3829 4175 1787 4713 1286 2200 1482
4865 895 3874 1707 3607 4184 3914 4876 1108 2015 3540 3634 1238 315 2633 39 2118 1036 2633 4031 3540 4809 2760 4957 2777 2599 1814 4934 2911 4783 4790 4809 3315 4519 1237 2959 2911 2222 1529 2631 2680 185 1757 90 2571 3523 4929 4166 1028 586 2512 2790 2528 1686 4538 2588 677 871 3425 2882 2086 3217 2709 1180
