650 4758 796 2209 1858 3164 1863 3897 1552 3974 4790 3425 2208 1881 2661 2091 725 4943 1481 1247 1459 135 356 4758 1934 110 3303 4479 3829 3611 348 4865 2921 2278 2922 2560 4573 2081 2015 2371 3917 1755 1036 4464 2656 4564 4508 1260 4855 3094 4865 646 4456 404 1013 2009 4426 4994 2978 2533 3694 3967 1387 2205
4647 2205 3380 2599 1981 2253 487 378 2817 3173 2402 4163 396 858 1060 2191 276 2811 4524 1814 3812 2129 1438 646 2904 247 1555 4028 1596 4762 559 4582 2947 3927 4447 2066 1222 3265 4869 2011 2093 825 2688 447 3401 731 3099 1065 4108 2141 2711 4289 261 1994 3765 2402 725 3075 4538 3226 537 3267 1146 3914
2185 2921 4550 686 76 646 1970 3887 722 4341 1502 1238 3507 3535 2703 4983 1728 373 169 1444 2890 767 2150 3158 2472 2263 4450 2693 4679 2286 4000 1063 2642 3622 3887 3509 396 2714 1030 3664 1286 2941 189 1165 1117 1152 2231 4900 183 2851 364 3312 2954 2039 2035 2472 841 949 2769 1575 2919 4720 2942 480
2286 1994 163 1251 163 4139 3370 4193 2340 4713 4686 3460 3661 4261 3879 3786 4934 1566 2705 3160 4990 400 1127 4152 1163 4942 999 1545 1065 715 2274 2863 2058 3887 834 1645 4514 523 445 4451 3314 375 825 2820 3948 209 4292 4127 3262 2149 4267 3945 165 1598 2528 417 3955 3123 2836 3927 1006 3285 3984 220
2046 2520 4908 3919 4502 2737 4526 4528 700 1071 1856 1311 2296 135 4292 276 674 3312 1603 568 2058 4363 1707 1787 3874 356 2058 4705 1093 2960 267 2359 4202 2353 381 1035 1219 221 3739 3540 2571 4323 4458 276 2777 1710 2865 2970 741 2644 3878 2657 4628 3887 4929 130 996 1870 87 2882 1368 1493 246 242
2289 3178 2845 376 4158 2591 551 4780 441 2237 4942 15 2472 4712 1785 1106 40 719 3504 81 2402 730 1240 764 3285 1388 2575 4138 983 315 3401 1810 3977 697 919 2488 2289 4037 4447 1487 3730 1121 847 2591 1374 1694 652 1058 4809 45 3416 4572 4697 3730 2128 3507 276 2191 1438 4577 3430 119 4031 4136
1985 4538 3540 4538 4323 4363 1645 523 2211 756 2191 2777 719 4330 1557 893 2113 2959 2601 769 517 377 569 1514 4835 4727 2290 443 976 4268 2590 3874 3489 1295 480 1292 2337 3743 793 1950 106 3193 1972 741 2942 4686 3729 3617 1431 490 90 3450 2402 3607 1985 1088 314 1853 38 1805 22 4178 3292 3928
1323 3729 2020 921 1247 2731 3074 3370 4000 2821 857 2945 3135 2484 754 3948 3131 2631 3061 3540 2305 4464 503 1946 2789 517 2531 1597 4726 3523 492 3634 4564 356 2911 2305 2680 1566 1088 4695 3535 642 3523 3783 4711 185 40 51 3665 396 3285 3217 313 3503 600 1888 4855 3391 2191 719 1922 2790 1392 3575
2289 3425 4772 1078 335 4288 682 1583 2457 1787 1346 957 1465 492 130 1685 4876 2509 4972 3874 725 1165 1613 1888 719 1578 2709 871 2057 1308 3027 3166 2965 3146 1674 3572 1665 4666 2278 4865 1960 4456 4607 4000 3068 333 2729 2588 275 1870 3132 4548 229 1252 3144 4871 2034 4039 3694 439 2790 1972 2396 2642
3481 4279 2644 2733 3203 3906 4383 1769 64 3362 4403 3694 4360 3601 1698 1865 1884 3829 909 1880 2223 4990 4261 832 728 2711 2133 40 396 3378 2608 4212 3874 2465 4045 2114 223 736 2461 3053 3738 1972 68 1043 238 3460 4900 3315 2622 825 3723 416 4345 841 2917 2769 4373 2911 3241 4399 2610 315 400 4046
4175 4168 2249 305 4660 4964 396 3874 238 1861 147 4656 3379 1575 3634 1368 4900 3773 3389 4707 3178 4712 1266 136 348 1061 417 3171 2410 224 567 1867 4151 4151 1162 3837 240 2286 646 3120 4317 4041 1793 2408 1267 1815 2545 3811 1518 4908 2899 367 1359 3525 2652 1166 2758 2554 4827 4431 1595 80 2451 2386
3086 3430 1863 2191 642 1524 3166 2286 1092 2695 1179 775 3623 2139 2703 2501 1088 4990 2959 3375 4723 4499 4973 646 4804 4861 27 3204 2570 4267 3230 775 385 396 1648 2811 4560 3715 2221 1817 4089 15 194 2865 4838 2865 3234 2218 4367 420 3572 1545 2128 1971 2588 1481 3084 3874 4648 973 839 1069 3682 4007
1457 1154 2485 2196 3797 2675 4663 4041 1579 315 121 4318 1586 2454 4447 3938 4985 4333 1687 1995 3637 3153 264 2225 2904 1504 1474 1885 4766 3360 1528 1465 73 586 1572 1473 4144 3596 539 4345 2306 342 1173 1063 4103 1360 878 2193 569 4538 4376 4181 2148 4000 3978 1596 2013 586 4330 346 3315 3598 4548 417
2066 417 2762 176 3835 2977 4103 825 500 1757 72 2095 538 416 2200 3872 2116 571 586 1403 278 2890 1664 1371 4804 1784 1209 3285 4238 137 1206 40 567 4273 1219 2478 3607 4081 1576 1054 4528 1529 814 529 2707 3315 2777 4157 1357 1184 1282 719 1575 2920 979 4972 1619 1323 3623 2234 4249 3134 3161 1728
3201 2624 3550 4539 313 3643 1295 4727 4210 640 1648 2251 4998 2543 4227 1568 3744 3869 278 4640 2959 4495 2402 1688 4471 15 4319 447 1252 2347 877 3057 185 1504 1287 417 4878 2770 588 1975 2104 1234 242 3607 2347 3158 560 889 2129 3388 252 4175 3998 2451 2398 989 1015 2375 1645 2657 3098 2669 3822 2723
3438 708 3380 629 3887 1992 3214 1261 4396 1870 307 4462 3890 3726 382 1075 1692 3802 4019 163 4427 4163 1164 4472 3124 1584 2742 2693 1238 1992 2268 3134 712 120 378 2911 4128 314 1104 1688 696 2234 4939 1257 768 3057 3829 4699 1874 3099 3150 4246 4081 1629 682 3285 4760 2278 2 2167 3521 3540 385 390
829 829 4780 1437 2404 523 4362 4432 106 993 1054 1260 1575 86 3502 2967 4175 4343 1664 1888 4900 871 40 390 3189 4124 1628 3730 1884 1881 1172 915 3832 3521 2630 2 4869 338 1834 1409 2966 1416 3672 4538 2941 1649 3262 1292 1937 4102 635 1729 1040 3105 3415 4893 3406 767 476 2748 532 2834 1997 1780
3148 3337 3580 3344 881 3925 2511 3984 1629 1560 171 2264 3154 1679 4431 4859 4067 4865 3730 3388 3018 938 2709 4261 2949 4243 861 2921 1620 4396 3948 2 721 74 1230 2868 797 291 586 3802 895 1725 979 2371 775 3540 4763 2610 880 4184 492 1756 747 4449 1459 923 1881 4909 4855 3890 390 2457 3744 3607
3099 4342 4332 4809 4042 4889 2278 1874 500 1107 4743 1897 745 4152 4921 3303 3065 84 349 4000 3120 2263 1098 3295 356 292 113 4837 2086 1527 4037 3501 4737 2760 4797 1201 417 2821 896 734 1481 2708 4062 4942 2306 1154 4771 4936 3388 233 2397 3694 3930 712 2126 2254 2118 3101 3262 2644 4163 2451 3780 3119
2163 1216 218 620 3638 3919 3578 856 1598 2139 1036 3540 2571 1315 2007 396 2469 3919 872 2890 4768 1290 2904 2545 3607 578 4571 3865 1416 4002 3847 2402 2773 1108 2225 1686 4386 65 2777 135 2711 3508 2286 2211 2480 1260 2736 585 4232 1888 315 3514 1087 3164 1158 1758 3499 2451 1575 1799 4618 2286 4952 2213
2890 2278 3384 4344 1290 3598 2947 449 3818 210 4224 4810 2531 417 4000 712 4707 3984 4007 199 4424 2135 1753 2789 3730 3206 1577 2729 923 132 4886 3523 4727 1946 613 15 3882 2177 185 218 446 3835 3241 3887 4241 1785 536 3727 417 417 2941 3164 245 3363 417 2821 2089 3471 3523 4151 4151 2829 1787 3473
2657 2777 1108 2544 4383 433 2142 4648 4511 4037 3986 1817 1628 753 198 4713 2549 4071 1502 4994 2202 2650 4055 4583 2378 4923 559 1167 3481 2226 3285 1866 2672 3045 1226 556 3682 4589 2921 3661 4064 3666 4175 4451 4000 2843 139 24 4230 2374 1336 4153 3522 3695 849 939 3811 311 2190 3057 3730 4572 1548 2938
2231 4830 2760 3067 2773 2921 3440 1096 2519 305 613 526 1088 4903 4626 1981 4912 870 1895 2941 3682 1243 2644 1117 1854 3948 552 3575 2286 4264 3776 2680 2092 1952 509 4019 4101 364 3120 47 2730 3852 4900 379 1467 104 1339 713 3847 3151 260 4508 1272 2047 356 3790 4031 2512 1398 4891 2282 4855 1200 3607
4175 2679 1596 2128 291 1610 372 506 2047 1179 2657 515 9 3127 4424 502 2554 830 737 3507 2610 741 688 3240 2469 4668 1290 687 4330 4489 3082 2185 1439 1972 2015 799 3161 3134 621 4342 3874 3048 1482 4455 1089 2442 2764 3834 4472 2465 194 551 2395 3375 1090 4783 4538 1729 2963 3928 1883 489 4788 1717
2286 2179 1180 2601 2528 4855 695 2643 586 3285 3151 4295 3831 1261 2790 2189 895 4101 3120 4686 4896 2576 3453 3285 2978 1528 1745 4197 3380 2760 1023 2108 2179 1368 417 3940 896 1645 570 4957 378 3200 4031 3540 1989 129 597 0 2217 1578 1842 1529 3786 3195 506 1399 4976 753 2693 3781 3 3874 699 3315
1885 1913 4432 89 4763 1272 1210 2108 2252 3366 2954 135 2254 3518 2286 1850 2084 173 119 4519 4383 2161 4855 1528 4626 962 2205 3099 3814 2382 171 2744 3969 1787 1787 4152 2891 2657 378 2278 4000 1818 4120 2225 4379 486 2610 1323 23 2368 2108 4960 417 1031 4465 1892 96 638 4744 3744 2436 3523 2263 3874
2186 1099 3730 3816 4163 3003 1716 3234 2135 1098 3831 1543 2176 3425 3502 3079 3089 2570 2989 1230 4742 3857 1324 2066 2942 1864 417 2032 183 2200 3117 3874 871 1282 3708 601 1287 3460 696 2120 274 1442 1529 1838 4538 238 1682 2570 119 1356 2920 4809 979 1517 1800 2108 279 4929 1238 2571 22 2533 4790 3211
3656 2789 2286 677 3228 1465 3611 2505 3692 293 390 3026 4350 240 1795 2436 250 113 743 2940 2632 229 1194 1650 4373 1665 4929 2278 2904 1604 4608 3604 3077 2938 1787 2701 369 438 552 3524 152 4982 2794 2766 1033 4969 646 731 840 4554 2000 2760 1344 4152 1532 1992 235 731 4509 140 4582 2769 3540 2760
4555 199 607 938 4558 1823 381 3574 1170 4130 4666 1077 447 2087 4758 4082 3714 4856 4373 4037 1374 3524 2514 2286 4552 433 1106 1883 1092 3394 4166 4767 360 2409 2298 1914 1731 3973 1731 1272 506 3044 1686 3601 4553 1757 4478 4903 989 1088 4994 1072 1171 1728 4838 552 3267 3416 9 1353 4163 2186 3236 1814
1143 3874 304 1566 1309 3851 1664 1757 4844 3984 770 2588 4179 1158 731 2633 2855 245 3514 1179 844 1413 4037 4036 4727 3583 2904 4431 2415 1438 2240 2897 2627 1272 713 2947 1793 3042 4451 1994 417 1065 4431 1435 2680 825 2695 2827 2791 2660 276 4519 929 3285 3874 1671 1271 1091 24 4424 4206 2298 4519 3382
264 2680 2071 1506 1040 283 2969 1743 2472 3193 3189 1837 4784 1004 1008 1092 4569 1036 4758 568 2058 390 135 855 173 2588 1268 991 3166 2529 71 719 741 4783 3389 2571 2402 4942 4000 1830 278 4037 1230 1149 1766 2511 2149 1522 4466 372 4472 2370 396 2191 2657 4418 2126 3344 3285 3874 189 1366 3024 828
4907 3178 624 1949 3729 2099 928 2480 320 315 4207 4768 1182 4175 895 3209 245 3189 4727 4105 2651 2143 4037 4987 1612 3691 3098 2953 1368 1623 4009 2136 1322 3502 2373 3285 3874 4453 552 246 2970 4944 396 2467 2011 3874 2954 2066 4538 2969 3940 3502 4874 2635 780 4371 521 3706 1438 759 2045 823 1623 2278
2452 1201 2281 3550 877 2379 1092 4985 3540 3078 3167 1766 1710 4709 315 2941 2872 864 2531 2520 4586 3502 2947 1054 1567 1130 2054 2467 2757 399 1637 4758 1072 3387 297 1970 798 2387 3777 4664 2821 1059 2571 4108 480 1290 2237 148 2904 3499 2799 602 538 3061 646 3204 3604 4785 15 2456 1896 3652 3984 2029
3676 1523 4937 4626 3777 927 2612 2205 626 768 1339 2716 4491 3163 4923 3523 4898 3887 3084 1040 3291 4347 3256 4163 4536 321 173 4855 3739 4998 4647 4451 1431 2184 4051 3981 607 2760 4758 1406 2560 3887 3961 450 417 3500 1814 2151 4538 1086 3199 3634 2644 523 1298 2970 730 2370 1575 1339 4992 310 3231 3377
4070 1823 134 3580 4929 927 950 3829 1665 872 586 3630 291 1311 1689 433 381 3605 4561 458 3494 3919 2015 2465 2035 372 3790 1121 4602 3099 2631 3874 2013 450 2523 2760 4853 2760 1994 526 4166 2582 3372 1919 4990 2275 4487 3791 2908 4538 15 4648 4325 2870 4672 4810 1997 2944 247 3739 4302 1870 2058 292
2844 4124 4734 4606 2411 4071 3835 4627 2095 143 2523 4811 3389 3984 3971 228 4363 2673 4039 3961 1819 670 2751 130 613 2436 3732 1040 3713 2969 670 1870 791 135 1077 4777 2255 4695 4037 1631 3891 3048 2558 4880 1901 2263 1781 1310 291 4345 2465 4293 4594 2821 169 2958 2212 1989 4125 4599 216 731 1388 4099
3676 3379 1360 4982 3608 3312 1275 2911 3194 4194 3380 3200 1576 2249 646 1993 396 4478 4496 968 2183 3984 568 2058 3866 4051 2174 3211 2865 4869 731 1757 1175 4054 1653 3550 163 906 4382 3984 3584 3127 2500 1575 3519 1756 2436 40 3729 4519 2326 3285 49 1132 2071 356 1508 2891 2469 1838 417 4538 3744 1995
1323 1481 3256 1416 677 3491 3694 728 4099 4942 316 4074 1065 1545 4157 725 3540 3048 556 3158 1278 188 1664 2013 4487 4372 3075 3738 2278 4240 4736 1814 725 4809 3832 4294 492 1017 1341 2205 2261 3730 3241 3303 4805 2507 4664 2711 4013 663 3968 4067 851 291 1750 4540 1861 1263 169 2158 2208 1130 3164 725
3236 2511 3305 3285 1977 315 2703 2203 4323 1706 4691 613 2243 3349 1914 3763 1837 4331 2338 4878 4987 776 605 90 1952 2126 1989 1414 3603 314 4687 4766 1595 4349 2263 3070 4763 2402 2790 107 2631 3644 360 2236 4342 2417 1290 4608 1757 4579 1271 4855 576 4758 3267 1077 1989 4686 3834 614 3601 2951 2200 1836
3918 2601 2402 40 1184 3848 1848 1024 2099 768 1815 84 3204 1241 2222 2989 3232 3682 493 4929 2941 3705 3494 356 3803 4913 3913 3986 4465 3984 4785 3887 3334 3269 3380 2664 2696 15 2911 1814 2414 4274 2250 1050 1598 499 1019 629 3929 4900 2588 3264 3134 1597 378 3706 3998 4766 1629 3005 586 17 3238 2633
720 3089 4464 646 480 2740 2263 4737 3372 3796 373 2858 4566 1429 1419 396 3204 3885 841 162 4712 2480 3619 4078 4099 1077 4419 4143 2263 2550 3739 4908 2944 2128 2724 640 798 2401 4431 2857 2865 712 407 4543 3752 3057 3310 71 1701 4081 4587 2568 4992 1956 3739 3201 3344 4800 1815 4036 2136 979 4108 2263
4293 1665 3502 622 2890 1664 2855 2777 2531 4048 1064 3070 3460 504 107 315 2181 2938 4240 4152 4556 356 3157 423 1920 617 2292 3160 4000 3083 2817 1230 4987 3940 1028 3631 2644 98 2108 4706 2814 285 4518 278 1785 712 4795 2608 1211 4431 1605 3391 433 3786 2445 4324 1560 1463 855 578 3928 3238 2274 1702
1698 783 3889 3232 2029 3982 356 3732 4151 1057 901 1447 3039 2051 1506 4721 3661 1211 4524 3607 1243 3067 602 2667 139 3740 1416 111 719 4218 4059 3887 37 2988 1376 461 818 3550 3852 3550 4711 4529 1438 677 503 90 880 4145 716 3986 3502 2472 3631 1468 2729 1183 106 4021 4051 2904 4990 741 731 4350
2657 2764 4272 1850 688 4852 1088 4520 4664 4099 1177 506 1439 3292 2436 4004 2191 719 3094 65 780 3285 4915 3540 2752 2184 734 881 2306 1523 3007 480 3575 3926 3564 1866 1788 417 4163 3066 804 4323 3887 2974 4323 1007 2817 4723 3120 3285 1814 378 4420 2977 82 3984 798 420 804 2494 4508 4707 4342 3516
1951 2286 4829 4 682 3887 3084 695 199 2320 740 3094 4085 641 3892 2263 2044 1501 4519 4330 877 4528 1194 4151 1608 2402 1665 3826 3694 2548 1164 3680 50 1344 3515 4846 3887 4451 2190 3606 1933 3631 2444 2535 4345 480 1795 1529 4865 3388 855 3600 3407 1332 741 4051 53 728 586 1834 2370 3523 4538 3161
2402 1581 1946 379 417 2729 4000 4892 1933 3694 1177 40 231 2961 1219 2157 2444 4793 2915 3974 2764 1168 4696 4058 4245 728 1438 4140 4356 1333 4572 480 687 2790 3216 4322 3613 381 2691 680 4110 923 1787 1787 3927 3285 3523 3997 1629 4483 4830 3837 4960 1361 2213 4657 867 501 3337 2436 1555 2729 4905 2117
2136 370 363 2055 3383 396 3611 546 154 1201 3502 4475 4897 381 2190 2661 3005 4842 246 1671 291 1092 2506 92 1757 3051 1286 169 2272 4688 4362 48 2370 1201 3222 417 3117 3231 4781 2243 1237 1942 4942 2644 2769 3608 3504 3528 3163 1125 1731 240 1787 2244 4538 4630 741 35 1977 2253 526 2692 1724 3160
4626 1072 3976 2128 3695 3017 1858 3874 428 665 4960 399 719 1008 371 175 2347 137 506 2831 4626 1137 927 224 1381 4723 3120 3285 3948 2520 314 1211 3634 655 677 1914 3695 4888 2644 384 606 4723 3070 4116 1008 4325 3889 386 3029 4323 2676 3254 1403 4812 1059 1036 2338 1622 73 2 2693 4832 1067 4293
3117 3277 4388 2599 2252 4240 1393 4908 4756 1665 3507 3829 2752 1870 2829 2150 3204 938 926 3984 4175 1745 3730 1946 15 3521 1702 1239 2227 228 4855 4063 1766 292 906 1779 3158 3575 4921 40 4391 2278 877 4712 4124 2708 3607 3226 351 356 719 2791 3844 73 2194 559 2000 2472 2313 4181 685 584 741 2784
131 186 503 769 2507 2978 2845 39 4502 39 1051 1188 2149 24 1664 798 2834 3776 1838 672 1972 1413 3344 4362 3728 4790 2281 682 3131 249 2190 106 4971 2872 2361 2306 2062 407 345 3660 2338 379 3157 2361 2907 3563 3872 855 2368 709 4697 2385 4746 3405 3835 2977 1151 4115 4345 127 4763 4758 3120 1150
